140
250
constituent
Pc (bars)
Tc (K)
wc
M (g/mol)
molar fraction
massic fraction
molar V (cm3/mol)
fugacity
16.150858436
36.9177038997778
18.4588519498889
20.7668454637778
0.437482744859905
H2
H2O
CO2
NH3
N2
CO
O2
H2S
89.4
50.5
35
33.9
113.33
73.8
221.2
12.97
373.2
154.6
132.9
126.2
405.40
304.2
647.30
33.3
0.1
0.021
0.049
0.04
0.25601
0.225
0.344
-0.215
34.0814
32.0852
28.0102
28.0134
17.03040
44.0096
18.0158
2.0158
0
0.00604
0
0.00645
0
0.0073
0.84245
0.13776
0
0.0119990283344961
0
0.0111874195861474
0
0.0198918268817151
0.939727802713557
0.0171939224840841
0
0.222754780933472
0
0.237851227979916
0
0.269356017142084
31.108414738907
5.07932713481533
0
14.4700443466546
0
29.2888279419566
0
6.31499975803889
38.1971306713667
559.568897652196
119.041244088169
145.812246286453
149.89337330544
150.014785698117
119.138155101844
133.903938008627
38.3324460037422
147.749865973146
fugacity°
0
0
0
0.5
0
13
0
30.5
stoechio react
0
0
0
0
0
0
26
0
stoechio prod
0.8304294476058
