400
300
constituent
Pc (bars)
Tc (K)
wc
M (g/mol)
molar fraction
massic fraction
molar V (cm3/mol)
fugacity
15.4554220357796
44.8892313619191
22.4446156809596
29.4338093261395
0.344301329447377
H2
H2O
CO2
NH3
N2
CO
O2
H2S
89.4
50.5
35
33.9
113.33
73.8
221.2
12.97
373.2
154.6
132.9
126.2
405.40
304.2
647.30
33.3
0.1
0.021
0.049
0.04
0.25601
0.225
0.344
-0.215
34.0814
32.0852
28.0102
28.0134
17.03040
44.0096
18.0158
2.0158
0
0.000549994500054999
0
0.00652993470065299
0
0.00742992570074299
0.808831911680883
0.176658233417666
0
0.00114177946692832
0
0.0118356957396437
0
0.0211568508037137
0.942824720070829
0.0230409539188858
0
0.0246654566355312
0
0.292814804652348
0
0.333361491855866
36.3175880836934
7.92080152508192
0
1.0120527802123
0
19.152398530604
0
6.76305450259368
87.5218775924109
456.736037388385
316.034896966614
456.34029246617
487.847232288503
487.682749622029
312.887070592072
401.950821138628
88.5223393281903
462.143585832929
fugacity°
0
0
0
2.5
0
5
2.5
0
stoechio react
0
6.25
0
0
0
0
0
0
stoechio prod
6.45648327960573E-05
