125
180
constituent
Pc (bars)
Tc (K)
wc
M (g/mol)
molar fraction
massic fraction
molar V (cm3/mol)
fugacity
22.4342822348224
46.5567603080886
23.2783801540443
24.1224780732663
0.481869487618207
H2
H2O
CO2
NH3
N2
CO
O2
H2S
89.4
50.5
35
33.9
113.33
73.8
221.2
12.97
373.2
154.6
132.9
126.2
405.40
304.2
647.30
33.3
0.1
0.021
0.049
0.04
0.25601
0.225
0.344
-0.215
34.0814
32.0852
28.0102
28.0134
17.03040
44.0096
18.0158
2.0158
0
0.001220012200122
0
0.028590285902859
0
0.228712287122871
0.627126271262713
0.114351143511435
0
0.00174484456572428
0
0.0357003226904216
0
0.44866763135123
0.503612344694399
0.0102748566982257
0
0.0567427559397842
0
1.32959453687539
0
10.6437615613008
29.2098770010139
5.31678445295873
0
1.21946283870016
0
47.094563843629
0
73.3071301282756
15.2704364071243
214.16609401934
96.067764070559
128.556972398995
132.519748685857
132.797421223562
95.2168124514369
112.114319273202
10.3927648193701
131.894744361607
fugacity°
0
0
0
0.5
0
17
0
40.5
stoechio react
0
0
0
0
0
0
30
0
stoechio prod
0.706820526036225
