50
150
constituent
Pc (bars)
Tc (K)
wc
M (g/mol)
molar fraction
massic fraction
molar V (cm3/mol)
fugacity
18.0158
22.2948800239283
11.1474400119642
4.27908002392832
0.808068936933694
H2
H2O
CO2
NH3
N2
CO
O2
H2S
89.4
50.5
35
33.9
113.33
73.8
221.2
12.97
373.2
154.6
132.9
126.2
405.40
304.2
647.30
33.3
0.1
0.021
0.049
0.04
0.25601
0.225
0.344
-0.215
34.0814
32.0852
28.0102
28.0134
17.03040
44.0096
18.0158
2.0158
0
0
0
0
0
0
1
0
0
0
0
0
0
0
1
0
0
0
0
0
0
0
22.2948800239283
0
0
0
0
0
0
0
4.81234117149548
0
43.8599463034107
50.3809701200428
51.0574439244195
51.1255411830379
43.7208376367384
46.8783136211729
4.81234117149548
51.1295224689459
fugacity°
0
0
0
0.5
0
17
0
40.5
stoechio react
0
0
0
0
0
0
30
0
stoechio prod
+Infini
