0.0063
-130
constituent
Pc (bars)
Tc (K)
wc
M (g/mol)
molar fraction
massic fraction
molar V (cm3/mol)
fugacity
18.0158
1888150.97398102
944075.486990508
1888132.95818102
9.54150396247982E-06
H2
H2O
CO2
NH3
N2
CO
O2
H2S
89.4
50.5
35
33.9
113.33
73.8
221.2
12.97
373.2
154.6
132.9
126.2
405.40
304.2
647.30
33.3
0.1
0.021
0.049
0.04
0.25601
0.225
0.344
-0.215
34.0814
32.0852
28.0102
28.0134
17.03040
44.0096
18.0158
2.0158
0
0
0
0
0
0
1
0
0
0
0
0
0
0
1
0
0
0
0
0
0
0
1888150.97398102
0
0
0
0
0
0
0
0.00629639991222196
0
0.00629810725161838
0.00629966627302798
0.00629969099349847
0.00629972767434421
0.00629788546550389
0.00629845246254575
0.00629639991222196
0.0063000111084737
fugacity°
0
0
0
0.5
0
17
0
40.5
stoechio react
0
0
0
0
0
0
30
0
stoechio prod
+Infini
