125
180
constituent
Pc (bars)
Tc (K)
wc
M (g/mol)
molar fraction
massic fraction
molar V (cm3/mol)
fugacity
22.719490874
49.5709480152632
24.7854740076316
26.8514571412632
0.458322702785602
H2
H2O
CO2
NH3
N2
CO
O2
H2S
89.4
50.5
35
33.9
113.33
73.8
221.2
12.97
373.2
154.6
132.9
126.2
405.40
304.2
647.30
33.3
0.1
0.021
0.049
0.04
0.25601
0.225
0.344
-0.215
34.0814
32.0852
28.0102
28.0134
17.03040
44.0096
18.0158
2.0158
0
0.0012
0
4E-05
0
0.26005
0.60913
0.12958
0
0.00169467882064477
0
4.93204714055601E-05
0
0.503739126174575
0.483019813906064
0.0114970606273103
0
0.0594237511602639
0
0.00198057643504615
0
12.8855984658457
30.2092796160463
6.41466560577584
0
1.05260022944594
0
0.0557456963106998
0
76.4755076735677
15.8932844560085
207.516664869284
96.067764070559
128.556972398995
132.519748685857
132.797421223562
95.2168124514369
112.114319273202
10.3927648193701
131.894744361607
fugacity°
0
0
0
0
0
21
0
55
stoechio react
0
0
0
0
0
0
40
0
stoechio prod
1.10358482211514
